proj:       99
zone:       0
north:      -2415148.22579808
south:      -2435155.22579808
east:       371369.85636616
west:       351362.85636616
cols:       702
rows:       702
e-w resol:  28.5
n-s resol:  28.5
top:        1.000000000000000
bottom:     0.000000000000000
cols3:      702
rows3:      702
depths:     1
e-w resol3: 28.5
n-s resol3: 28.5
t-b resol:  1
