proj:       99
zone:       0
north:      7497687.0308
south:      7494657.0308
east:       763554.124316
west:       760014.124316
cols:       118
rows:       101
e-w resol:  30
n-s resol:  30
top:        0.500000000000000
bottom:     -0.500000000000000
cols3:      118
rows3:      101
depths:     1
e-w resol3: 30
n-s resol3: 30
t-b resol:  1
