proj:       99
zone:       0
north:      -2415148.22577808
south:      -2435155.22577808
east:       371369.85638616
west:       351362.85638616
cols:       702
rows:       702
e-w resol:  28.5
n-s resol:  28.5
format:     3
compressed: 2
