proj:       1
zone:       -23
north:      7517832.03079501
south:      7485342.03079501
east:       804849.12431561
west:       750549.12431561
cols:       1810
rows:       1083
e-w resol:  30
n-s resol:  30
format:     0
compressed: 2
